Morris 8 1.001 207 0 16.213 16.240 61.57
MorrisHEB 8 1.007 197 0 14.731 14.758 67.75
MorrisUnaryHEB 8 1.01 434 0 18.772 18.799 53.19
MorrisBiasHEB 8 1.006 186 0 14.406 14.433 69.28
OldPosit 8 1.012 313 0 18.210 18.247 54.80
Morris 16 1.018 674 0 17.728 17.755 56.32
MorrisHEB 16 1.019 678 0 17.441 17.468 57.24
MorrisUnaryHEB 16 1.02 1258 0 20.890 20.918 47.80
MorrisBiasHEB 16 1.021 605 0 16.057 16.085 62.16
Brainfloat 16 1.008 541 0 22.830 26.855 37.23
IEEE754 16 1.012 678 0 26.168 30.193 33.12
OldPosit 16 1.024 932 0 22.897 22.921 43.62
Posit 16 1.015 836 0 27.740 27.367 36.54
Tensorfloat 19 1.011 641 0 25.957 25.984 38.48
FP24 24 1.01 988 0 28.211 31.246 32.00
PXR24 24 1.011 874 0 28.763 28.790 34.73
Morris 32 1.034 1680 0 19.828 19.855 50.36
MorrisHEB 32 1.039 1647 0 20.524 20.551 48.65
MorrisUnaryHEB 32 1.039 3302 0 23.914 23.941 41.76
MorrisBiasHEB 32 1.039 1394 0 19.226 19.279 51.86
IEEE754 32 1.017 1611 0 39.017 39.044 25.62
Posit 32 1.036 2098 0 29.740 29.807 33.54
OldPosit 32 1.031 1943 0 31.802 31.829 31.41
IEEE754 64 1.027 3537 0 49.796 53.917 18.54
OldPosit 64 1.068 4053 0 33.165 33.257 30.06