Morris 8 0.993 931 0 16.762 16.789 59.56
MorrisHEB 8 0.993 542 0 14.301 14.328 69.79
MorrisUnaryHEB 8 0.996 2035 0 24.456 24.483 40.84
MorrisBiasHEB 8 0.992 353 0 12.896 12.913 77.44
OldPosit 8 0.993 609 0 20.338 20.365 49.10
Morris 16 1.054 23215 3 56.353 56.380 17.73
MorrisHEB 16 1.021 11706 3 52.346 52.373 19.09
MorrisUnaryHEB 16 1.111 50985 3 68.988 69.015 14.48
MorrisBiasHEB 16 0.995 1474 3 18.997 19.024 52.56
Brainfloat 16 1.013 13656 0 74.764 74.791 13.37
IEEE754 16 1.008 1939 3 39.543 39.570 25.27
OldPosit 16 0.999 2595 3 35.008 35.035 28.54
Posit 16 1.048 5639 3 41.725 41.752 23.95
Tensorfloat 19 1.036 14707 3 56.037 56.064 17.83
FP24 24 1.012 7493 3 43.264 43.291 23.09
PXR24 24 1.025 13055 3 50.964 50.991 19.61
Morris 32 1.101 50047 12 72.134 72.161 13.85
MorrisBiasHEB 32 1.049 20149 12 53.383 53.410 18.72
IEEE754 32 1.043 16313 6 56.072 56.099 17.82
Posit 32 1.04 14639 12 60.295 60.322 16.57
OldPosit 32 1.091 27952 12 67.068 67.095 14.90
IEEE754 64 1.23 62370 27 82.051 82.078 12.18
OldPosit 64 1.267 61636 45 84.637 84.664 11.81