Morris 8 1.003 71 0 9.524 13.549 73.80
MorrisHEB 8 1.004 75 0 10.117 10.144 98.58
MorrisUnaryHEB 8 1.004 215 0 16.642 16.669 59.91
MorrisBiasHEB 8 1.003 68 0 10.314 10.341 96.70
OldPosit 8 1.006 174 0 18.210 20.760 48.16
Morris 16 1.007 190 0 14.551 14.578 68.59
MorrisHEB 16 1.006 199 0 15.117 19.142 52.24
MorrisUnaryHEB 16 1.006 534 1 19.786 23.711 42.17
MorrisBiasHEB 16 1.007 124 1 13.261 17.286 57.85
Brainfloat 16 1.007 291 0 18.039 18.066 55.35
IEEE754 16 1.007 239 1 18.011 22.036 45.38
OldPosit 16 1.011 428 1 22.494 22.600 44.24
Posit 16 1.010 471 1 22.489 26.514 37.71
Tensorfloat 19 1.008 294 1 18.392 18.419 54.29
FP24 24 1.01 366 1 18.919 22.944 43.58
PXR24 24 1.009 338 1 18.893 18.920 52.85
Morris 32 1.012 521 0 19.560 23.585 42.40
MorrisHEB 32 1.014 540 0 19.529 19.556 51.13
MorrisUnaryHEB 32 1.014 1841 4 22.143 22.170 45.10
MorrisBiasHEB 32 1.012 424 4 19.436 23.461 42.62
IEEE754 32 1.014 513 2 21.449 25.434 39.31
Posit 32 1.020 970 4 26.370 26.695 37.46
OldPosit 32 1.023 1017 4 27.324 27.351 36.56
IEEE754 64 1.026 1434 9 27.604 31.629 31.61
OldPosit 64 1.055 2369 16 31.163 31.190 32.06