Morris 8 4 3 62 30
Morris 16 8 10 1028 516
Morris 32 16 25 262162 131090
MorrisHEB 8 3 4 34 18
MorrisHEB 16 7 11 520 264
MorrisHEB 32 15 26 131094 6558
MorrisUnaryHEB 8 6 5 130 64
MorrisUnaryHEB 16 14 13 32770 16384
MorrisUnaryHEB 32 30 29 2000000000 1000000000
MorrisBiasHEB 8 2 5 20 12
MorrisBiasHEB 16 4 12 66 34
MorrisBiasHEB 32 8 27 808 296
IEEE754 16 5 10 80 48
IEEE754 32 8 23 554 298
IEEE754 64 11 52 4196 2148
OldPosit 8 3 5 26 12
Posit 16 6 11 226 112
Posit 32 7 27 482 240
OldPosit 16 5 12 114 56
OldPosit 32 8 26 960 480
OldPosit 64 9 58 1986 992
Brainfloat 16 8 7 522 266
Tensorfloat 19 8 10 528 272
FP24 24 7 16 286 156
PXR24 24 8 15 538 282