Morris 8 1.002 439 0 17.296 17.323 57.72
MorrisHEB 8 1.003 484 0 18.161 18.188 54.98
MorrisUnaryHEB 8 1.003 916 0 26.037 26.064 38.36
MorrisBiasHEB 8 1.002 454 0 20.062 20.089 49.77
Posit 8 1.003 894 0 26.007 26.034 38.41
Morris 16 1.004 1374 1 36.048 36.075 27.72
MorrisHEB 16 1.006 1557 1 41.585 41.622 24.02
MorrisUnaryHEB 16 1.005 2262 1 44.282 44.309 22.56
MorrisBiasHEB 16 1.007 1456 1 39.705 39.732 25.16
Brainfloat 16 1.005 1527 0 33.281 33.308 30.02
IEEE754 16 1.004 1892 1 47.395 47.422 21.08
OldPosit 16 1.008 2399 1 58.177 58.204 17.18
Posit 16 1.01 2178 1 52.312 52.339 19.10
Tensorfloat 19 1.005 1911 1 48.206 48.233 20.73
FP24 24 1.008 2208 1 54.446 54.473 18.35
PXR24 24 1.008 2196 1 53.402 53.429 18.71
Morris 32 1.014 4124 4 95.787 95.814 10.43
MorrisHEB 32 1.015 4384 4 115.435 115.462 8.66
MorrisUnaryHEB 32 1.012 6733 4 113.903 113.930 8.77
MorrisBiasHEB 32 1.016 3945 4 89.558 89.585 11.16
IEEE754 32 1.009 5129 2 103.478 103.505 9.66
Posit 32 1.022 4652 4 87.890 87.917 11.37
OldPosit 32 1.022 4784 4 88.823 88.850 11.25
IEEE754 64 1.037 17989 9 214.545 214.572 4.66
OldPosit 64 1.065 13304 15 250.921 250.948 3.98
GFPU 32 1.021 12008 4 155.646 155.673 6.42
GFPU 64 1.394 34613 16 449.650 449.677 2.22